4 6 2 3 0 1 0 0 
3 3 1 6 0 0 0 0 
2 2 4 8 1 1 0 0 
0 0 0 0 0 0 0 0 
0 0 0 0 0 0 0 0 
3 11 0 7 1 0 0 0 
3 10 2 12 2 0 0 0 
3 15 3 3 3 0 2 0 
4 14 5 0 3 0 2 0 
5 7 3 0 1 1 0 0 
4 4 1 9 0 2 0 0 
4 3 2 7 1 2 0 0 
4 2 2 6 0 1 0 0 
4 4 1 8 0 1 0 0 
4 4 2 9 1 2 0 0 
4 8 5 15 2 1 0 0 
5 0 6 4 0 0 0 0 
5 1 2 0 0 0 0 0 
3 4 0 0 0 0 0 0 
2 6 1 8 0 0 0 0 
1 6 4 0 0 0 1 0 
1 5 3 0 0 0 2 0 
0 8 3 4 0 1 2 0 
0 7 5 5 3 3 1 1 
1 3 4 3 2 3 0 1 
1 2 1 7 1 2 0 1 
1 1 0 10 1 1 0 0 
0 0 0 6 1 0 0 0 
0 3 0 5 0 0 0 0 
0 2 0 8 2 1 0 0 
1 3 0 7 1 0 0 0 
0 10 0 10 0 0 1 0 
1 12 4 8 1 0 2 0 
2 12 6 0 3 1 2 0 
4 7 3 0 2 1 1 0 
4 4 0 7 0 1 0 0 
2 3 3 10 1 2 0 0 
0 0 0 0 0 0 0 0 
0 0 0 0 0 0 0 0 
2 8 0 5 0 0 0 0 
2 4 0 10 0 0 0 0 
1 15 2 6 0 0 3 0 
2 15 8 0 1 1 4 0 
5 9 6 0 2 2 1 0 
5 6 1 7 1 1 0 0 
5 5 2 7 1 1 0 0 
5 3 2 3 1 1 0 0 
4 4 1 8 0 1 0 0 
4 5 2 8 1 1 0 0 
4 6 2 10 1 0 0 0 
4 5 3 3 0 0 0 0 
3 5 3 0 0 0 0 0 
2 2 1 0 0 0 0 0 
1 3 0 4 0 0 0 0 
0 6 0 5 0 1 0 1 
0 5 1 4 1 1 0 1 
0 8 1 12 1 1 0 0 
0 9 5 7 3 2 1 1 
1 6 5 0 3 3 0 1 
2 2 1 6 1 1 0 0 
1 1 0 13 0 0 0 0 
1 1 0 4 0 0 0 0 
1 2 1 8 2 0 0 0 
1 1 1 7 1 0 0 0 
