   -29  -109   282   -83  -164   -26    55     x
     3   -60   167   -63  -125   -37     6     x
   -49   -90   187    10  -151     0    35     x
     0     0     0     0     0     0     0     x
     0     0     0     0     0     0     0     x
     7  -123   304  -115  -198    -6    70     x
   -13  -140   325   -77  -247     0    68     x
   -79  -179   478   -66  -234    53   180     x
  -119  -183   516   -58  -243    46   197     x
   -56  -126   348   -85  -192   -25    79     x
     9  -118   257   -69  -182   -38     9     x
   -14  -115   257   -40  -181   -30    16     x
   -12   -83   213   -55  -150   -45     6     x
     8   -97   237   -78  -170   -44     8     x
   -10  -127   277   -47  -201   -28    20     x
   -53  -173   384   -44  -298    -5    73     x
   -81   -74   243   -31  -167   -54    30     x
   -23   -50   201   -74  -119   -66     4     x
     1   -50   165   -79   -89   -32    22     x
     0   -82   192   -67  -142   -11    36     x
   -86   -82   221   -11   -90    35   114     x
   -71   -72   215    -1   -65    33   104     x
   -70  -117   261     4  -100    64   132     x
  -120  -169   312    79  -157   103   142     x
   -91  -126   223    56  -122    56    79     x
   -20   -86   142    14   -97    21    18     x
    28   -56    84    -2  -104   -10   -23     x
    17   -15    12    13   -47    -1   -19     x
     9   -34    59   -21   -54     7    15     x
    16   -57    75    21   -92    17    -2     x
    17   -47    98   -25   -96    -6     2     x
     5  -104   216   -58  -131    37    82     x
   -80  -153   369   -28  -188    63   161     x
  -141  -180   451     8  -203    82   205     x
   -65  -127   349   -43  -175     3    96     x
    23   -89   222   -87  -156   -48    -1     x
   -29  -115   212     3  -169     4    31     x
     0     0     0     0     0     0     0     x
     0     0     0     0     0     0     0     x
     5   -86   211   -90  -132    -5    53     x
    28   -64   144   -62  -130   -26    -2     x
   -60  -162   413   -68  -164    69   186     x
  -191  -218   573     3  -203   108   285     x
  -122  -186   477   -38  -240    17   150     x
     3  -120   309   -96  -210   -46    24     x
   -13  -118   305   -80  -210   -45    26     x
   -21   -94   265   -66  -170   -49    18     x
     8   -97   237   -78  -170   -44     8     x
   -13  -114   275   -63  -197   -30    29     x
    -7  -107   276   -79  -211   -35    29     x
   -43   -88   259   -76  -158   -32    53     x
   -55   -76   225   -59  -121   -13    68     x
   -16   -34   112   -39   -62   -19    20     x
     9   -38    89   -38   -67    -8    12     x
   -16   -80   142   -28   -73    38    55     x
   -36   -79   143     1   -78    45    59     x
    -1  -116   195   -25  -161    37    59     x
  -116  -170   331    56  -179   102   152     x
  -125  -153   294    57  -147    81   129     x
    -1   -68   143   -17  -115   -13     5     x
    40   -40    62   -24  -105   -25   -35     x
    13   -22    53   -24   -51   -16    -8     x
     3   -50   101     4  -113    -1     0     x
     3   -37    76    -2   -88    -9    -6     x
