5 -42 14 -17 -11 6 18 5 
25 -31 6 -5 -22 -2 23 -10 
21 -36 0 5 -32 -4 25 -27 
0 0 0 0 0 0 0 0 
0 0 0 0 0 0 0 0 
26 -66 4 -28 -9 11 35 -13 
41 -76 -2 -17 -31 4 47 -37 
-19 -85 12 -39 4 26 26 -5 
-42 -79 19 -38 6 28 15 10 
-16 -45 20 -22 -6 10 10 21 
44 -47 9 -6 -32 -6 36 -17 
29 -42 10 -3 -31 -5 28 -11 
24 -32 11 -1 -28 -5 23 -6 
37 -43 9 -7 -29 -4 32 -13 
38 -50 8 -4 -35 -6 35 -19 
46 -81 0 -6 -50 -1 53 -47 
-5 -24 16 5 -33 -2 11 3 
-6 -16 20 -6 -15 -1 4 23 
0 -22 12 -15 -1 5 7 15 
31 -45 0 -11 -19 3 31 -23 
-27 -32 7 -15 6 16 4 0 
-23 -29 10 -13 6 14 5 0 
-5 -49 3 -17 3 16 20 -21 
-8 -58 -1 -9 -9 10 21 -29 
-4 -35 3 -2 -12 2 12 -13 
30 -32 -1 1 -21 -5 25 -25 
51 -30 -6 7 -33 -11 33 -36 
29 -14 -7 7 -20 -7 18 -25 
22 -22 -5 -4 -9 1 18 -20 
38 -30 -9 4 -24 -7 27 -34 
32 -30 -4 -2 -20 -2 25 -24 
38 -62 -7 -20 -9 11 41 -41 
4 -76 1 -24 -6 20 35 -34 
-45 -70 12 -29 8 26 11 -1 
-20 -47 18 -20 -4 11 10 14 
37 -40 10 -9 -25 -4 30 -8 
37 -45 -1 2 -35 -5 34 -34 
0 0 0 0 0 0 0 0 
0 0 0 0 0 0 0 0 
19 -46 3 -21 -5 9 25 -10 
48 -40 -2 -4 -28 -4 36 -30 
0 -82 7 -38 9 28 35 -24 
-60 -84 20 -38 18 38 14 -3 
-34 -62 23 -24 -6 16 11 16 
30 -53 13 -14 -27 0 32 -5 
26 -50 13 -10 -30 -2 30 -6 
8 -34 17 -8 -22 -1 16 9 
37 -43 9 -7 -29 -4 32 -13 
30 -50 8 -8 -30 -2 32 -15 
37 -56 5 -9 -34 0 38 -23 
-1 -37 13 -13 -14 6 15 4 
-17 -29 12 -15 -2 10 5 12 
-5 -13 8 -7 -3 3 3 9 
18 -22 0 -6 -9 1 16 -11 
19 -37 -3 -14 0 7 22 -20 
9 -34 -3 -10 -3 6 17 -18 
48 -61 -12 -9 -23 2 44 -50 
-2 -68 -4 -13 -11 13 28 -37 
-29 -44 5 -12 0 11 5 -3 
26 -29 1 0 -23 -5 22 -16 
65 -32 -9 9 -40 -12 41 -47 
20 -14 0 0 -13 -3 14 -11 
32 -31 -6 4 -28 -6 26 -30 
29 -23 -4 5 -25 -6 22 -25 
