-84 -351 835 -259 -498 -61 133 311 
10 -220 513 -186 -392 -109 -9 111 
-136 -312 581 22 -475 -11 62 -94 
0 0 0 0 0 0 0 0 
0 0 0 0 0 0 0 0 
16 -433 911 -355 -608 7 159 376 
-38 -508 995 -241 -770 10 135 185 
-232 -581 1405 -233 -697 199 480 530 
-345 -569 1507 -214 -715 181 538 595 
-164 -384 1016 -272 -573 -48 209 449 
25 -410 785 -207 -574 -115 -17 86 
-42 -385 778 -124 -566 -91 10 75 
-33 -283 648 -164 -469 -136 -11 95 
23 -343 724 -232 -534 -130 -14 131 
-30 -435 844 -145 -631 -86 13 63 
-148 -613 1183 -145 -933 -19 136 37 
-224 -234 735 -97 -512 -166 65 97 
-66 -148 591 -220 -359 -187 8 277 
0 -158 481 -239 -266 -78 57 303 
2 -304 592 -204 -445 -28 65 118 
-242 -251 648 -56 -260 120 313 207 
-200 -222 631 -22 -186 111 289 169 
-197 -385 778 -14 -300 202 348 107 
-348 -535 928 199 -479 310 367 -59 
-265 -387 661 143 -374 165 200 -65 
-61 -297 440 36 -313 53 20 -129 
80 -228 284 0 -344 -46 -104 -183 
49 -81 59 44 -160 -15 -75 -155 
27 -138 191 -64 -174 20 21 -12 
43 -221 248 62 -301 40 -39 -163 
48 -189 313 -73 -308 -21 -23 -18 
16 -393 667 -185 -412 120 186 106 
-225 -525 1110 -113 -572 205 412 206 
-406 -552 1317 -22 -595 277 560 384 
-191 -388 1019 -150 -521 33 259 371 
64 -315 675 -257 -490 -139 -35 167 
-81 -401 659 1 -536 0 41 -115 
0 0 0 0 0 0 0 0 
0 0 0 0 0 0 0 0 
13 -304 633 -277 -405 3 122 274 
82 -260 460 -180 -418 -82 -46 10 
-170 -551 1228 -235 -491 237 490 383 
-542 -670 1677 -49 -586 360 785 462 
-352 -561 1394 -149 -713 79 404 439 
5 -410 929 -290 -651 -126 32 269 
-39 -400 919 -243 -651 -127 38 221 
-63 -300 787 -201 -521 -137 32 245 
23 -343 724 -232 -534 -130 -14 131 
-38 -394 835 -193 -614 -86 43 144 
-19 -389 847 -238 -660 -101 37 153 
-121 -286 771 -236 -479 -82 130 284 
-156 -232 659 -190 -358 -21 183 303 
-46 -104 328 -120 -185 -48 53 166 
26 -144 275 -114 -211 -21 16 65 
-49 -279 430 -95 -229 120 130 54 
-107 -266 430 -11 -242 139 145 19 
-2 -432 613 -86 -512 109 111 -44 
-335 -556 992 131 -548 310 388 -14 
-365 -454 855 133 -437 254 347 92 
-4 -240 441 -52 -364 -43 -13 -10 
119 -200 234 -59 -354 -96 -146 -223 
38 -92 171 -68 -165 -51 -38 -7 
8 -200 327 13 -363 -12 -32 -101 
10 -153 251 -3 -285 -37 -44 -102 
